time,x,y,z,phi,theta,psi,x_velocity,y_velocity,z_velocity,phi_velocity,theta_velocity,psi_velocity,rotor_speed1,rotor_speed2,rotor_speed3,rotor_speed4
0.06,-1.91314968544e-07,-7.03291959471e-08,9.99948290196,6.28302436883,0.000228047746861,0.0,-1.68045761581e-05,-8.62504521311e-06,-0.0172366877918,-0.00867371239507,0.0104858875068,0.0,397.25563194965736,398.2158299631549,398.6035782862805,397.81026545218907
0.12000000000000001,-1.010943155e-05,-6.12999071083e-06,10.0047204084,6.28195063808,0.0013322262684,0.0,-0.000420268088063,-0.00026912068114,0.191807938136,-0.0519278034296,0.0307989313309,0.0,469.4433123353086,471.01660841864657,471.8943940025878,468.5439956055299
0.18,-6.71297696012e-05,-5.62155079709e-05,10.0172913568,6.27847363141,0.00263056265009,0.0,-0.00163981004851,-0.00170133254458,0.227215948258,-0.0740761156108,-0.0118054473174,0.0,417.4822474463302,413.7489144338955,417.2482148155386,415.3076694210276
0.23999999999999996,-0.000219709766515,-0.000278362909387,10.0349844956,6.27416961807,0.0017482060418,0.0,-0.00336161004334,-0.00617209511786,0.36251873068,-0.0674200605455,-0.0212500124866,0.0,448.6249008771603,447.85760855913907,447.5661410044368,448.1035080214027
0.3,-0.000456112649959,-0.000861447831864,10.060858734,6.26980738382,0.00156256608239,0.0,-0.00445468836989,-0.0137125066444,0.49990058764,-0.0862052064002,0.0194287198826,0.0,447.32040406299393,450.6203069597619,449.3430783241015,447.81367454401413
0.36000000000000004,-0.000764400341403,-0.00201522412805,10.0962781263,6.26449476545,0.00266242082792,0.0,-0.00595062772179,-0.0253423337967,0.680645792879,-0.0936830155133,0.0160397418552,0.0,462.6601398082862,462.3932045003144,462.0200644393058,461.4239717971224
0.4200000000000001,-0.00119319185121,-0.00403087014369,10.1446452491,6.25991140992,0.00379282916127,0.0,-0.00847269925827,-0.0424609946601,0.93140789392,-0.0545678875377,0.0239227283066,0.0,482.4910223032361,483.0856360094021,481.59602511611615,484.5403756992427
0.48000000000000015,-0.00179131746249,-0.00710174475451,10.2047728092,6.25639979921,0.00584477471095,0.0,-0.0116587219075,-0.0602638513791,1.07271159118,-0.0679284394705,0.0493574583373,0.0,449.9373512751988,451.99201989493537,451.12390257678464,450.0415187516075
0.5400000000000001,-0.00264391869612,-0.0113767888934,10.2754047154,6.25226388323,0.00886012787449,0.0,-0.0171130855329,-0.0827166618597,1.28145777569,-0.0710173641853,0.0519941879341,0.0,471.8568668816803,472.06178325874833,470.9534431462986,470.7111809269081
0.6000000000000002,-0.0038560472979,-0.0169622923772,10.354253208,6.24781490455,0.0115416117699,0.0,-0.0235782953204,-0.103885498086,1.34673279105,-0.081289597633,0.0231656455243,0.0,429.24668272271197,426.7945925889271,427.46319720874766,426.58242906144676
0.6600000000000003,-0.0055676791063,-0.024104566123,10.4424551651,6.24314586968,0.0123438182692,0.0,-0.0336353055168,-0.134768430157,1.59299655181,-0.0716506390267,-0.02825792335,0.0,485.4508768221937,481.57715466633204,482.1646206700789,482.8878717033952
0.7200000000000003,-0.00787129244523,-0.0331600758268,10.5440956611,6.23856026456,0.0104439555816,0.0,-0.0429389652654,-0.167587567417,1.79470358455,-0.0882756843522,-0.039535784916,0.0,471.4173042248438,470.5448002491984,471.1073864993348,469.8158684191608
0.7800000000000004,-0.0107110500171,-0.0444095498428,10.6602782189,6.23301257295,0.00885928985913,0.0,-0.0514698942462,-0.20807140861,2.07754418819,-0.102516231217,-0.00829714508309,0.0,493.28733220324415,495.5883775449747,495.6656151893801,494.61167969826
0.8400000000000004,-0.0139729383317,-0.05791070928,10.787062515,6.22661938674,0.00818334660449,0.0,-0.0572019772103,-0.242572191171,2.14843200187,-0.116173269413,-0.0179849000588,0.0,432.5687925111552,431.7523617760858,432.6873333570816,431.5256536495705
0.9000000000000005,-0.0175442143827,-0.0734734990176,10.9157097659,6.21930749236,0.00679038608896,0.0,-0.0617368534096,-0.276799620853,2.13978521298,-0.136769261955,-0.0365483029429,0.0,407.67631341388835,406.01413491870255,406.1952827553795,404.3287224257497
0.9600000000000005,-0.021382738037,-0.09145620171,11.047417494,6.21109945865,0.00458162432959,0.0,-0.0659843619519,-0.323460348217,2.25019757035,-0.136863164953,-0.0373466683982,0.0,444.96625132078765,444.9002682895147,445.38912543342593,445.36417293943185
1.0200000000000005,-0.0254133253406,-0.112123787747,11.1818506047,6.20343122352,0.00239458181219,0.0,-0.0681816399588,-0.366129131555,2.23088619397,-0.114041783958,-0.0347168405727,0.0,403.2647956449562,403.5015171242116,401.7336545133179,403.7804186830321
1.0800000000000005,-0.0295463618774,-0.135760060608,11.3185805375,6.19693159256,0.000792645195261,0.0,-0.0694021984387,-0.422406877813,2.32652081313,-0.0988341657592,-0.0141799791782,0.0,440.5745531142341,442.26898180291164,440.27096628694363,441.51678505413014
1.1400000000000006,-0.0337278820649,-0.163347139594,11.4661005856,6.19113823336,0.000504150852629,0.0,-0.0699151287273,-0.497854359963,2.59017032882,-0.0923529717343,0.00932993214831,0.0,490.65383269699703,492.3961393766756,492.31046327833764,492.78277851910894
1.2000000000000006,-0.0379377540277,-0.19549480538,11.6282252321,6.1864367943,0.000798049131196,0.0,-0.0704674536495,-0.574292795797,2.81338283234,-0.0594186797884,-0.00589796300245,0.0,481.6551599906563,480.50208359000163,481.09549225187845,483.5778100788648
1.2600000000000007,-0.0421815358204,-0.231923424475,11.7995004713,6.18266481664,0.00102609875998,0.0,-0.0709903683306,-0.640341743737,2.89553059976,-0.0708461567194,0.0183140813232,0.0,439.43488206513996,441.4373494075068,440.20279118788096,439.2531820537881
1.3200000000000007,-0.046461815353,-0.272025426683,11.9720686304,6.17883362482,0.00244994584733,0.0,-0.0717903749956,-0.696733655125,2.85678691672,-0.0526365040536,0.0328115591879,0.0,400.01106009287696,401.3292552390295,399.2225606445993,400.87706943781814
1.3800000000000008,-0.0508193661659,-0.315691380316,12.143432074,6.17558356862,0.00455903025809,0.0,-0.0736398132673,-0.759083469557,2.85528026387,-0.0574191555584,0.0394615850588,0.0,412.89572367447636,413.48263195122485,413.19524475535326,412.77118509251665
1.4400000000000008,-0.0553465786326,-0.363596332448,12.3187293085,6.17201881497,0.0066657897946,0.0,-0.0775075608106,-0.838091935676,2.98755084203,-0.0637293601228,0.0245685753878,0.0,456.17334680591097,454.98302432592624,457.3935674100126,456.8883579852411
1.5000000000000009,-0.0601321404581,-0.41606419047,12.4996545032,6.1678681441,0.00813643192229,0.0,-0.0821512913464,-0.911205238289,3.04306792537,-0.083240107602,0.0243947185562,0.0,432.76270900670545,432.7481776158767,434.11685770701223,432.4726359363606
1.560000000000001,-0.0652344848026,-0.473132484677,12.6849894717,6.16302524917,0.00993792351319,0.0,-0.0880918713136,-0.991544866307,3.13441946081,-0.0760931795271,0.0394057030279,0.0,444.63084796307925,445.8592393363044,444.4389174573077,445.01904272239597
1.620000000000001,-0.0707070227412,-0.534814836102,12.8732761107,6.158621227,0.0119223907544,0.0,-0.0945230037927,-1.0649363779,3.14169546127,-0.0684983049362,0.0157528273311,0.0,419.7121462724259,417.65466195996413,417.7279902908008,418.3851935704686
1.680000000000001,-0.0766520911818,-0.601544230549,13.0664626676,6.15484440855,0.0136028993907,0.0,-0.103793913366,-1.15976440918,3.29731109985,-0.0536790486738,0.0452610515769,0.0,464.45356686495273,466.7623365958486,465.3951122017695,466.5508541220153
1.740000000000001,-0.0831187514675,-0.673327957199,13.2634239691,6.15192866177,0.0165071673142,0.0,-0.111997534214,-1.23330518045,3.26807658954,-0.0399932753724,0.0540461412341,0.0,407.183433589439,407.97029156984667,406.57885221106335,407.80148107663
1.8000000000000012,-0.0902357545122,-0.750400366999,13.4648556671,6.14954839965,0.0196762343279,0.0,-0.125592929687,-1.33599149173,3.44568979438,-0.0390343817525,0.0502413806817,0.0,472.9790748800549,472.68758787182367,474.11168474092267,474.18466479210673
1.8600000000000012,-0.0982021574195,-0.833436317341,13.6750314466,6.14722476463,0.0224159655081,0.0,-0.140249882042,-1.43208578628,3.55972140119,-0.0381201063109,0.0344214422815,0.0,455.2664763195093,454.00000626807883,456.322794567362,456.3950802411628
1.9200000000000013,-0.107077127866,-0.922139124793,13.8909346963,6.14565713819,0.0241994772628,0.0,-0.155769493551,-1.52484451175,3.63672299372,-0.00914197796819,0.0181200316086,0.0,445.816210628965,444.4824447522158,443.3524794130011,445.7268727690158
1.9800000000000013,-0.116930407926,-1.01651679941,14.1120128194,6.14515358344,0.0259588719527,0.0,-0.172816389205,-1.62111338724,3.7321687051,-0.00693436602465,0.0454861077498,0.0,450.0449322806238,452.25488379893284,451.4151187727391,451.5933568327583
2.0400000000000014,-0.127863514342,-1.11676573852,14.3393816331,6.14505017253,0.0285919000089,0.0,-0.191890856016,-1.72051744283,3.84633646692,0.0070655262927,0.0404705421316,0.0,458.84769701568314,458.45034185931866,456.66545321914884,457.78092697508964
2.1000000000000014,-0.13996717743,-1.22284904055,14.5726149163,6.14543826716,0.0307818386662,0.0,-0.211787954095,-1.81554550023,3.92776706624,0.00524604728333,0.0270589567011,0.0,448.95740066094544,447.8684079546248,449.0378821417483,448.8901414327299
2.1600000000000015,-0.153247743104,-1.33437683869,14.8088705611,6.14557022624,0.0321824372935,0.0,-0.231033153133,-1.90205335198,3.94729983105,-0.00472275899345,0.0146244897254,0.0,429.4546663081969,428.3986375836644,430.5403890007964,429.69601641816394
2.2200000000000015,-0.167880217171,-1.45183680656,15.0515911921,6.14538336959,0.0336098477822,0.0,-0.256831480684,-2.01324295483,4.14260031477,-7.69570283681e-05,0.037687497517,0.0,483.86424323383767,485.59752699388275,483.3220277650649,483.67212976191695
2.2800000000000016,-0.18402005195,-1.5756569132,15.303693042,6.14499981243,0.0361723054797,0.0,-0.281402366926,-2.11408581387,4.26027130889,-0.0236583677515,0.0512194231483,0.0,462.52221704965166,463.5877191743802,462.9719348965087,461.112715246448
2.3400000000000016,-0.201601837182,-1.7052103316,15.5604073984,6.14349245313,0.0396983906708,0.0,-0.304961381914,-2.20451389407,4.29663180075,-0.0282245803538,0.0706981077063,0.0,437.58384896302977,439.20492468334925,438.1479493566484,437.76799772133853
2.4000000000000017,-0.220705773024,-1.84035872227,15.8202242446,6.14198745141,0.043478136178,0.0,-0.332224489746,-2.30058765749,4.36354969986,-0.0194441591555,0.0394776425401,0.0,449.7157216847829,447.1820691812898,448.1004565804635,448.8136326788682
2.4600000000000017,-0.241542704368,-1.98140271716,16.0847029986,6.14084664241,0.0456371236989,0.0,-0.362552253073,-2.40098669397,4.45194645252,-0.0181658131963,0.0278737174426,0.0,456.14492758743904,455.21774887744147,456.18112490105625,456.28326158382316
2.520000000000002,-0.264304169864,-2.12869871734,16.3558308003,6.13947870767,0.0473951221745,0.0,-0.396320583905,-2.50897508559,4.5849823652,-0.0342086975501,0.0320094999684,0.0,470.30608019637685,470.6265391912503,471.2465089204418,470.00459942990835
2.580000000000002,-0.288758114724,-2.28139703491,16.6272002219,6.13732664919,0.0493853498892,0.0,-0.418970323127,-2.58123586509,4.4610779758,-0.0394101760954,0.0353963237592,0.0,386.8931344833439,387.212543575952,387.6077304901114,387.11772137659085
2.640000000000002,-0.314798608191,-2.43905483995,16.8950753545,6.13443545912,0.0511562168529,0.0,-0.449219162972,-2.67428719962,4.46792813116,-0.0783936544238,0.0139034658405,0.0,432.827072561975,431.0144645043325,432.77298041758206,429.4767160599198
2.700000000000002,-0.342870040234,-2.60291152267,17.1669619693,6.12926980064,0.0514873801847,0.0,-0.486537701052,-2.78807244581,4.59421658688,-0.109592648738,-0.0219799439732,0.0,470.83117754039495,468.0464204766071,470.78706802758654,468.3603770046993
2.760000000000002,-0.373107360355,-2.77350602635,17.4450122899,6.12332588633,0.0504501318763,0.0,-0.521234879883,-2.89900446953,4.67354616418,-0.083638030311,-0.00925287812418,0.0,455.899585138979,456.91555843106875,455.9392898906486,457.9999515233233
2.820000000000002,-0.405350011517,-2.95069618805,17.7266542749,6.11834549205,0.0496495503354,0.0,-0.553445429167,-3.007813887,4.71412436821,-0.0817734296852,-0.0231271814984,0.0,446.3620052881827,445.22824199459075,445.518191596202,445.6650515602231
2.880000000000002,-0.439788773717,-3.13545944711,18.0163183561,6.11302829319,0.0482267157179,0.0,-0.59428695404,-3.15144270371,4.94005975502,-0.108058099288,-0.0249138394416,0.0,501.92346258030335,501.79377386377985,503.3287380330661,501.41674828209887
2.940000000000002,-0.476232335811,-3.32753111706,18.3110765014,6.1069152065,0.0468670664155,0.0,-0.620393647345,-3.25152760716,4.88521364118,-0.0917605283246,-0.0184982652873,0.0,418.47249526826135,419.0306115933232,416.4428252932721,417.85633000196543
3.000000000000002,-0.51432248208,-3.526095733,18.604637093,6.10175212394,0.0458223450277,0.0,-0.649174156576,-3.3678051222,4.89981213367,-0.076564328747,-0.0153236549496,0.0,440.5102701161512,440.77282359624013,440.7044636058655,441.9526683767832
3.0600000000000023,-0.554252074126,-3.73226027238,18.9018534287,6.09712446869,0.0451072079206,0.0,-0.681701018005,-3.50478372336,5.00661967323,-0.0782779003397,-0.00585650385598,0.0,470.1485392365554,470.88171251731154,470.60398984930174,470.46695750452847
3.1200000000000023,-0.595945183363,-3.94603155029,19.2016128136,6.09200165753,0.0451682178544,0.0,-0.708060634442,-3.62141099158,4.98519071936,-0.105956066448,0.0120825431404,0.0,430.92302480184884,432.4370744758483,432.6747971979798,430.3311461921927
3.1800000000000024,-0.639266033707,-4.16708464435,19.500956206,6.08598139572,0.0455894062885,0.0,-0.736014943972,-3.74761349382,4.99254883685,-0.0909784290728,-0.00575871229855,0.0,441.9317791978952,440.4583893976569,441.11012513355314,442.3365872659856
3.2400000000000024,-0.684310408475,-4.39601236866,19.8016025727,6.08041465753,0.0450922266927,0.0,-0.765412649168,-3.88384503545,5.02848495942,-0.096644851365,-0.0138930578917,0.0,451.9540221078999,451.2979289691606,451.4188852910069,450.9541807799407
3.3000000000000025,-0.730969492193,-4.63261200482,20.1013379535,6.07457416128,0.0447555212256,0.0,-0.789857686106,-4.00339077912,4.96268295529,-0.0987717023914,0.00723226333062,0.0,418.8243675590185,420.6581573188909,418.44294287147454,418.24895336667635
3.3600000000000025,-0.779213955131,-4.87705399448,20.3997096912,6.06866783803,0.0450737296429,0.0,-0.818315919049,-4.14525178465,4.98255810065,-0.0977814467326,0.00113599475983,0.0,447.7592484533598,447.26283917835707,447.41913673640914,447.4915205516439
3.4200000000000026,-0.829148164394,-5.13002737563,20.6987330632,6.0625545332,0.0451077230135,0.0,-0.846156193651,-4.28778276316,4.98447726127,-0.111711878128,-0.000597464011042,0.0,441.8880403916099,441.7450803380494,444.2390551852486,443.085942161988
3.4800000000000026,-0.880956391196,-5.39267446883,21.002209694,6.05545647786,0.0449044949767,0.0,-0.880730560272,-4.4677562958,5.13016859077,-0.136642256528,-0.00964975147119,0.0,488.2436492328135,487.5677646641815,489.2453572118805,487.37369233312296
3.5400000000000027,-0.93440394212,-5.6641299164,21.3050489053,6.04734930537,0.0442358037841,0.0,-0.900846600093,-4.58152441288,4.96485909052,-0.13223897245,-0.0143165014753,0.0,388.67987152864714,388.2422492859991,388.51312121611363,388.9061316994804
3.6000000000000028,-0.989246214962,-5.94357925968,21.6022332064,6.03912695352,0.0440044670053,0.0,-0.927184610168,-4.73421476347,4.9408660274,-0.148955733375,0.0115088886715,0.0,436.36102599747784,438.5120872697042,437.626631968842,436.21466248504674
3.660000000000003,-1.04560234518,-6.23198604807,21.8964399805,6.03017856221,0.0444852349984,0.0,-0.951406981595,-4.88017198217,4.8658197545,-0.14951020219,-0.000103226647734,0.0,421.2657859309674,420.2601617224757,421.21019202516504,421.13998751557415
3.720000000000003,-1.10352727606,-6.5299320615,22.1884575378,6.02114336747,0.0442620441254,0.0,-0.979403462337,-5.05219782151,4.86743276377,-0.152828317968,-0.0121661745917,0.0,447.74785922767126,446.7652605714223,447.0868542973732,446.7951608338964
3.780000000000003,-1.16301387227,-6.83772436769,22.4780438479,6.01164471671,0.0434093387956,0.0,-1.003430549,-5.20841258979,4.78520681052,-0.172475098335,-0.0186534622673,0.0,420.3599632564598,419.79738727212424,421.78540159788173,420.0590640039612
3.840000000000003,-1.22404693517,-7.15580320504,22.7652555229,6.00080204027,0.0426629041961,0.0,-1.03090867201,-5.39516692435,4.7877045907,-0.207191231073,-0.00225576341986,0.0,449.06610487279823,450.3946403473467,450.7741437701497,447.92676579817135
3.900000000000003,-1.28664050515,-7.48480067099,23.0507693934,5.98826634367,0.0422587054778,0.0,-1.05552070124,-5.57249212327,4.72882706042,-0.212643663669,-0.0176816557057,0.0,431.61376453459417,430.30969439128955,431.4631348595525,430.95796263248707
3.960000000000003,-1.35072677385,-7.82483155808,23.333195313,5.97516871747,0.0419673477221,0.0,-1.08063050529,-5.76297988749,4.68461178327,-0.233033004298,0.0129676925138,0.0,435.6934693566256,438.24907688282894,438.8240124954166,437.0792677442457
4.020000000000002,-1.41638965283,-8.17704183037,23.6144311545,5.96182016378,0.0426950319665,0.0,-1.10817843808,-5.97852315037,4.68874865964,-0.207029574098,0.0103936349708,0.0,455.4121328867997,455.2060261035215,454.1801280959657,456.2128038626677
4.080000000000001,-1.48357929863,-8.54140697091,23.892687768,5.94990738216,0.0440613467429,0.0,-1.13156024425,-6.16803933331,4.58596729705,-0.185475684146,0.0401486506699,0.0,419.44373787322826,422.0206446663219,421.74784158020793,423.56454346146654
4.14,-1.55237070493,-8.9186308144,24.1683447017,5.93925399869,0.0460404970939,0.0,-1.16167045804,-6.40703519327,4.60134838583,-0.165173060428,0.0121140749617,0.0,463.4938420419982,461.28515186243357,462.0907390353082,463.65937627565023
4.199999999999998,-1.62277656893,-9.30878196951,24.4402378175,5.92914278383,0.0465447942005,0.0,-1.18524917507,-6.59898119698,4.46147154941,-0.176221397095,-0.000297081112585,0.0,412.5304355087486,411.4326608773891,413.30632891295267,412.301421142583
4.259999999999997,-1.6949798021,-9.7134549913,24.7112169942,5.91847296433,0.0461254396988,0.0,-1.22144750649,-6.89098992227,4.56922179954,-0.181254277895,-0.0257894565984,0.0,495.48012457315514,493.6021184181662,495.7231700836823,495.32616644109635
4.319999999999996,-1.76897348036,-10.1330592539,24.9810638622,5.9081165914,0.0442636908493,0.0,-1.24490253239,-7.0968486141,4.42528648087,-0.159335186141,-0.0443889404053,0.0,416.28165219183114,414.6499575280836,415.8005397854574,417.6856556342235
4.379999999999995,-1.84442394757,-10.5658622736,25.2438184948,5.89841373836,0.0411710703742,0.0,-1.26988909907,-7.3308743344,4.33247790603,-0.166948431138,-0.0723708018868,0.0,436.6416968304268,434.29837576899854,435.2380737518408,434.57466601964546
4.439999999999993,-1.92140988585,-11.0137516681,25.5029394494,5.88846368363,0.0364263335232,0.0,-1.29588810296,-7.59969385496,4.30366606242,-0.163696974557,-0.0979274220433,0.0,460.17918025149316,458.14609457815413,458.0382900247754,458.2714968754021
4.499999999999992,-1.99987747459,-11.4781322671,25.7605031437,5.87852817218,0.0305316329475,0.0,-1.3191458109,-7.88056870919,4.28046584663,-0.169673806414,-0.0988873651042,0.0,463.2185105691954,463.1351444840371,463.57485173448316,463.0798435221071
4.559999999999991,-2.07955226203,-11.9585204505,26.0140087456,5.86836071076,0.0246528444412,0.0,-1.33622688243,-8.13339434878,4.16889139142,-0.169029527081,-0.0962251442431,0.0,436.10405502561275,436.318002161,436.2649968515347,436.2907050025043
4.6199999999999894,-2.1601540058,-12.4541401386,26.2603191476,5.85837808619,0.0200730781552,0.0,-1.35012572527,-8.38830419028,4.04065755555,-0.161545841495,-0.052493628791,0.0,429.922937922615,433.6077541828089,432.6813273125569,433.2838014419254
4.679999999999988,-2.24153382966,-12.9654087301,26.4990878594,5.84849274108,0.0171068903017,0.0,-1.36230329997,-8.65500651586,3.91738295675,-0.172092867668,-0.043934608584,0.0,434.953405349967,435.66823311920734,437.36006316866445,436.45392959179827
4.739999999999987,-2.32363972738,-13.4938984894,26.732430397,5.83794984075,0.0144258429243,0.0,-1.37431963316,-8.96227452887,3.85918261626,-0.184161096972,-0.0462264610073,0.0,460.92135329686175,460.7390773396435,461.46497686884794,460.48239850606313
4.799999999999986,-2.40647890237,-14.0429281135,26.9659443629,5.82709100584,0.0117398341753,0.0,-1.38667217911,-9.33949030569,3.92205055438,-0.17528504992,-0.0419973953985,0.0,503.71421068649425,504.01913009775024,502.8928817720806,503.50802441214205
4.859999999999984,-2.48995136177,-14.6128936208,27.1989566422,5.81650250763,0.00960622452864,0.0,-1.39554146684,-9.66031779035,3.84339192139,-0.178963971842,-0.0250747315865,0.0,462.8860612888728,464.21571354413703,462.9437920130854,462.6254611673852
4.919999999999983,-2.57390880568,-15.2016632376,27.4256492327,5.80589241917,0.00894959917995,0.0,-1.40296161623,-9.96638102302,3.71165269541,-0.172889940352,0.00812972230722,0.0,447.98260313432934,450.67535204652245,447.78465735238285,448.24877021058995
4.979999999999982,-2.65831493063,-15.809467058,27.6450395776,5.79553125533,0.00984337771186,0.0,-1.41062905337,-10.2947287499,3.59971271643,-0.172281977432,0.0258209673902,0.0,457.8782952720952,459.2839246650311,459.2169437530113,459.2375896908852
5.0399999999999805,-2.74315364762,-16.4351394856,27.853562754,5.78510747181,0.0111341432076,0.0,-1.41741730954,-10.5622970789,3.35035185541,-0.176790195334,0.0110886109553,0.0,413.5596662200852,412.25953466547867,412.63401705651734,412.20406835528917
